55
14
0
48
24
51
87
124
145
16
36
56
184
116
44
109
96
22
138
122
214
234
1
171
79
69
146
40
114
265
215
179
6
185
99
66
241
269
235
154
45
304
80
17
159
238
126
204
288
312
351
152
174
245
394
362
106
276
46
110
64
254
342
301
11
229
383
358
275
52
194
93
428
435
135
82
355
57
498
471
195
155
8
230
422
150
327
161
293
32
389
183
532
272
444
75
277
119
247
9
481
386
559
343
400
97
381
226
525
510
221
547
451
575
151
28
62
457
316
567
2
273
595
248
623
203
38
357
452
639
703
465
406
696
4
160
186
334
637
483
94
132
664
136
671
682
424
550
396
201
142
365
326
318
529
579
